                 UGDS_BLACK   UGDS_HISP  UGDS_ASIAN UGDS_ASIAN.1    UGDS_AIAN
UGDS_BLACK       1.00000000 -0.14294158 -0.17281740  -0.17281740 -0.041592435
UGDS_HISP       -0.14294158  1.00000000  0.14443657   0.14443657 -0.029647226
UGDS_ASIAN      -0.17281740  0.14443657  1.00000000   1.00000000 -0.066170958
UGDS_ASIAN.1    -0.17281740  0.14443657  1.00000000   1.00000000 -0.066170958
UGDS_AIAN       -0.04159244 -0.02964723 -0.06617096  -0.06617096  1.000000000
UGDS_NHPI       -0.05403314  0.03009298  0.23829640   0.23829640  0.008049512
UGDS_2MOR       -0.18810594 -0.03676400  0.36133290   0.36133290  0.073439146
UGDS_NRA        -0.16597436 -0.04014563  0.33666721   0.33666721 -0.042726370
UGDS_UNKN       -0.02364444 -0.09416230 -0.03204648  -0.03204648 -0.024240649
UGDS_WHITE      -0.59900188 -0.53405969 -0.31324067  -0.31324067 -0.043380708
UGDS            -0.10317499  0.10435059  0.30564990   0.30564990 -0.054945816
ADM_RATE        -0.09523691 -0.02505563 -0.30085594  -0.30085594  0.081221298
COSTT4_A        -0.21174341 -0.17550948  0.21686246   0.21686246 -0.097787327
MD_EARN_WNE_P10 -0.25046192 -0.12010895  0.49819064   0.49819064 -0.102955659
C100_4          -0.33875049 -0.16820824  0.24533830   0.24533830 -0.126746624
PCTFLOAN         0.32995585 -0.21931093 -0.34900494  -0.34900494 -0.049481537
CIP_SUM         -0.05632706 -0.05376193 -0.05254410  -0.05254410 -0.011265856
MINORATIO        0.59899635  0.53405877  0.31323531   0.31323531  0.043398769
STU_APPLIED     -0.08531803  0.09593932  0.44470475   0.44470475 -0.054214494
                   UGDS_NHPI   UGDS_2MOR    UGDS_NRA     UGDS_UNKN  UGDS_WHITE
UGDS_BLACK      -0.054033142 -0.18810594 -0.16597436 -0.0236444421 -0.59900188
UGDS_HISP        0.030092981 -0.03676400 -0.04014563 -0.0941623022 -0.53405969
UGDS_ASIAN       0.238296404  0.36133290  0.33666721 -0.0320464844 -0.31324067
UGDS_ASIAN.1     0.238296404  0.36133290  0.33666721 -0.0320464844 -0.31324067
UGDS_AIAN        0.008049512  0.07343915 -0.04272637 -0.0242406494 -0.04338071
UGDS_NHPI        1.000000000  0.37278225  0.01884340 -0.0051238203 -0.12778256
UGDS_2MOR        0.372782250  1.00000000  0.09818138 -0.1053453816 -0.04305245
UGDS_NRA         0.018843401  0.09818138  1.00000000  0.0205377052 -0.15619007
UGDS_UNKN       -0.005123820 -0.10534538  0.02053771  1.0000000000 -0.15757452
UGDS_WHITE      -0.127782564 -0.04305245 -0.15619007 -0.1575745198  1.00000000
UGDS            -0.032843306  0.09737186  0.07328259 -0.1072639698 -0.05226334
ADM_RATE         0.015737226 -0.06017232 -0.24323364  0.0016830712  0.21738510
COSTT4_A        -0.046130595  0.12566308  0.36318652  0.1816260662  0.10487601
MD_EARN_WNE_P10 -0.051935328  0.14096895  0.22639207  0.0167114794  0.10118470
C100_4          -0.010134801  0.14109357  0.23998581  0.0006045678  0.26889612
PCTFLOAN        -0.031305421 -0.13532887 -0.32242389  0.1439694376  0.02057127
CIP_SUM         -0.048183889 -0.02739762 -0.07524980 -0.0197147382  0.12182168
MINORATIO        0.127794494  0.04305954  0.15619968  0.1575778107 -0.99999993
STU_APPLIED     -0.030977725  0.12282481  0.15682837 -0.0681092590 -0.12728070
                       UGDS     ADM_RATE    COSTT4_A MD_EARN_WNE_P10
UGDS_BLACK      -0.10317499 -0.095236912 -0.21174341     -0.25046192
UGDS_HISP        0.10435059 -0.025055627 -0.17550948     -0.12010895
UGDS_ASIAN       0.30564990 -0.300855942  0.21686246      0.49819064
UGDS_ASIAN.1     0.30564990 -0.300855942  0.21686246      0.49819064
UGDS_AIAN       -0.05494582  0.081221298 -0.09778733     -0.10295566
UGDS_NHPI       -0.03284331  0.015737226 -0.04613059     -0.05193533
UGDS_2MOR        0.09737186 -0.060172318  0.12566308      0.14096895
UGDS_NRA         0.07328259 -0.243233645  0.36318652      0.22639207
UGDS_UNKN       -0.10726397  0.001683071  0.18162607      0.01671148
UGDS_WHITE      -0.05226334  0.217385097  0.10487601      0.10118470
UGDS             1.00000000 -0.067895982 -0.27729878      0.21252079
ADM_RATE        -0.06789598  1.000000000 -0.27074641     -0.25030610
COSTT4_A        -0.27729878 -0.270746405  1.00000000      0.44088351
MD_EARN_WNE_P10  0.21252079 -0.250306102  0.44088351      1.00000000
C100_4          -0.01279408 -0.330718682  0.70353425      0.49529824
PCTFLOAN        -0.34666211  0.234247727  0.02207406     -0.22747770
CIP_SUM          0.45657024  0.095680971 -0.17200139      0.06562059
MINORATIO        0.05225716 -0.217401614 -0.10487806     -0.10119231
STU_APPLIED      0.79653924 -0.356842211 -0.06260153      0.34720948
                       C100_4    PCTFLOAN     CIP_SUM   MINORATIO STU_APPLIED
UGDS_BLACK      -0.3387504935  0.32995585 -0.05632706  0.59899635 -0.08531803
UGDS_HISP       -0.1682082397 -0.21931093 -0.05376193  0.53405877  0.09593932
UGDS_ASIAN       0.2453383007 -0.34900494 -0.05254410  0.31323531  0.44470475
UGDS_ASIAN.1     0.2453383007 -0.34900494 -0.05254410  0.31323531  0.44470475
UGDS_AIAN       -0.1267466244 -0.04948154 -0.01126586  0.04339877 -0.05421449
UGDS_NHPI       -0.0101348011 -0.03130542 -0.04818389  0.12779449 -0.03097773
UGDS_2MOR        0.1410935748 -0.13532887 -0.02739762  0.04305954  0.12282481
UGDS_NRA         0.2399858078 -0.32242389 -0.07524980  0.15619968  0.15682837
UGDS_UNKN        0.0006045678  0.14396944 -0.01971474  0.15757781 -0.06810926
UGDS_WHITE       0.2688961204  0.02057127  0.12182168 -0.99999993 -0.12728070
UGDS            -0.0127940789 -0.34666211  0.45657024  0.05225716  0.79653924
ADM_RATE        -0.3307186824  0.23424773  0.09568097 -0.21740161 -0.35684221
COSTT4_A         0.7035342494  0.02207406 -0.17200139 -0.10487806 -0.06260153
MD_EARN_WNE_P10  0.4952982438 -0.22747770  0.06562059 -0.10119231  0.34720948
C100_4           1.0000000000 -0.15696678 -0.07532960 -0.26889366  0.15432710
PCTFLOAN        -0.1569667790  1.00000000 -0.10003348 -0.02056405 -0.40086363
CIP_SUM         -0.0753296033 -0.10003348  1.00000000 -0.12182926  0.30724628
MINORATIO       -0.2688936552 -0.02056405 -0.12182926  1.00000000  0.12727220
STU_APPLIED      0.1543271046 -0.40086363  0.30724628  0.12727220  1.00000000
